{
    "GRB080916009": {
        "1.280_64.256": {
            "BAND": {
                "_status": "SAFE",
                "amp_band": [
                    0.01748168095946312,
                    0.00036282205837778747
                ],
                "e_peak_band": [
                    512.212890625,
                    27.027006149291992
                ],
                "index1_band": [
                    -1.0155104398727417,
                    0.015930520370602608
                ],
                "index2_band": [
                    -2.2015793323516846,
                    0.012385438196361065
                ],
                "photon_flux": [
                    5.880532264709473,
                    0.04276337847113609
                ],
                "photon_fluence": [
                    366.3228454589844,
                    2.6639089584350586
                ],
                "energy_flux": [
                    1.2087480172340292e-06,
                    1.5800221575545947e-08
                ],
                "energy_fluence": [
                    7.529794675065205e-05,
                    9.84261646408413e-07
                ],
                "covariance_matrix": [
                    [
                        1.3163983680897218e-07,
                        -0.009216195903718472,
                        5.022536697651958e-06,
                        1.8910197923105443e-06
                    ],
                    [
                        -0.009216195903718472,
                        730.4591064453125,
                        -0.3574746251106262,
                        -0.17038454115390778
                    ],
                    [
                        5.022536697651958e-06,
                        -0.3574746251106262,
                        0.0002537815016694367,
                        6.741252582287416e-05
                    ],
                    [
                        1.8910196786237066e-06,
                        -0.17038452625274658,
                        6.741252582287416e-05,
                        0.0001533990871394053
                    ]
                ],
                "correlation_matrix": [
                    [
                        1.0000000000000002,
                        -0.9398533121820153,
                        0.8689593680387373,
                        0.42081481327260106
                    ],
                    [
                        -0.9398533121820153,
                        1.0000000000000002,
                        -0.8302660583104022,
                        -0.509003592561365
                    ],
                    [
                        0.8689593680387373,
                        -0.8302660583104022,
                        1.0000000000000002,
                        0.34166400754896864
                    ],
                    [
                        0.4208147879734976,
                        -0.5090035480459146,
                        0.34166400754896864,
                        1.0
                    ]
                ]
            },
            "BAND_BB": {
                "_status": "SAFE",
                "amp_band": [
                    0.011127879843115807,
                    0.0005285792285576463
                ],
                "e_peak_band": [
                    1392.777099609375,
                    275.4837646484375
                ],
                "index1_band": [
                    -1.2628215551376343,
                    0.02772846445441246
                ],
                "index2_band": [
                    -2.2695436477661133,
                    0.02801632694900036
                ],
                "amp_bb": [
                    3.2774476039776346e-06,
                    4.851222570323444e-07
                ],
                "kt_bb": [
                    46.8416862487793,
                    2.0237770080566406
                ],
                "photon_flux": [
                    5.8615007400512695,
                    0.0431368425488472
                ],
                "photon_fluence": [
                    365.1372985839844,
                    2.68717360496521
                ],
                "energy_flux": [
                    1.1847771475004265e-06,
                    1.61514535079732e-08
                ],
                "energy_fluence": [
                    7.380470196949318e-05,
                    1.0061413604489644e-06
                ],
                "covariance_matrix": [
                    [
                        2.793959765767795e-07,
                        -0.1329292505979538,
                        1.381453694193624e-05,
                        9.930521628120914e-06,
                        -1.3203146909113173e-10,
                        -0.00019185089331585914
                    ],
                    [
                        -0.1329292505979538,
                        75891.296875,
                        -6.763553619384766,
                        -6.534768581390381,
                        7.128287688829005e-05,
                        10.191560745239258
                    ],
                    [
                        1.3814536032441538e-05,
                        -6.763553142547607,
                        0.0007688677869737148,
                        0.0004914082237519324,
                        -4.787737761802191e-09,
                        -0.017194516956806183
                    ],
                    [
                        9.930522537615616e-06,
                        -6.534768581390381,
                        0.0004914082237519324,
                        0.0007849145913496614,
                        -6.483931613843197e-09,
                        0.007509281393140554
                    ],
                    [
                        -1.3203148296891953e-10,
                        7.128288416424766e-05,
                        -4.7877390940698206e-09,
                        -6.483932057932407e-09,
                        2.353435914030644e-13,
                        -7.013819072199112e-07
                    ],
                    [
                        -0.00019185079145245254,
                        10.191506385803223,
                        -0.017194511368870735,
                        0.00750928558409214,
                        -7.013819640633301e-07,
                        4.095673561096191
                    ]
                ],
                "correlation_matrix": [
                    [
                        1.0,
                        -0.9128816877611802,
                        0.9425413786502205,
                        0.6705802932871877,
                        -0.5148920584284559,
                        -0.1793457479293788
                    ],
                    [
                        -0.9128816877611802,
                        0.9999999999999998,
                        -0.8854277260869182,
                        -0.8466872576846688,
                        0.5333816167873862,
                        0.018280246297526392
                    ],
                    [
                        0.9425413165970083,
                        -0.8854276636633959,
                        1.0,
                        0.6325653311719239,
                        -0.35592077109425196,
                        -0.3064089732530358
                    ],
                    [
                        0.6705803547028159,
                        -0.8466872576846688,
                        0.6325653311719239,
                        1.0,
                        -0.4770633308541394,
                        0.13244162790105857
                    ],
                    [
                        -0.5148921125486045,
                        0.5333816712305036,
                        -0.35592087013512375,
                        -0.47706336352855516,
                        0.9999999999999998,
                        -0.7143987780763045
                    ],
                    [
                        -0.17934565270559052,
                        0.018280148794905922,
                        -0.30640887367515485,
                        0.1324417018171128,
                        -0.7143988359746741,
                        1.0000000000000002
                    ]
                ]
            },
            "CPL": {
                "_status": "SAFE",
                "amp_cpl": [
                    0.016996249556541443,
                    0.0002960569108836353
                ],
                "e_peak_cpl": [
                    571.7607421875,
                    26.57589340209961
                ],
                "index_cpl": [
                    -1.0332320928573608,
                    0.014083944261074066
                ],
                "e_piv_cpl": [
                    100.0,
                    0.0
                ],
                "photon_flux": [
                    5.929710865020752,
                    0.04205736890435219
                ],
                "photon_fluence": [
                    369.3863830566406,
                    2.6199288368225098
                ],
                "energy_flux": [
                    1.2449885389287374e-06,
                    1.570976237985633e-08
                ],
                "energy_fluence": [
                    7.755552360322326e-05,
                    9.786265309230657e-07
                ],
                "covariance_matrix": [
                    [
                        8.764970260699556e-08,
                        -0.007220878731459379,
                        3.456912736510276e-06,
                        0.0
                    ],
                    [
                        -0.007220878731459379,
                        706.278076171875,
                        -0.295492023229599,
                        0.0
                    ],
                    [
                        3.456912736510276e-06,
                        -0.295492023229599,
                        0.00019835747662000358,
                        0.0
                    ],
                    [
                        0.0,
                        0.0,
                        0.0,
                        0.0
                    ]
                ],
                "correlation_matrix": [
                    [
                        1.0,
                        -0.9177554354657851,
                        0.8290656196438828,
                        0.0
                    ],
                    [
                        -0.9177554354657851,
                        1.0,
                        -0.7894663282961408,
                        0.0
                    ],
                    [
                        0.8290656196438828,
                        -0.7894663282961408,
                        1.0,
                        0.0
                    ],
                    [
                        0.0,
                        0.0,
                        0.0,
                        0.0
                    ]
                ]
            },
            "CPL_PL": {
                "_status": "SAFE",
                "amp_pl": [
                    0.0020694928243756294,
                    0.0002024280693149194
                ],
                "e_piv_pl": [
                    100.0,
                    0.0
                ],
                "index_pl": [
                    -1.8219765424728394,
                    0.01343469601124525
                ],
                "amp_cpl": [
                    0.01656368561089039,
                    0.0003968281380366534
                ],
                "e_peak_cpl": [
                    439.4166259765625,
                    19.98097038269043
                ],
                "index_cpl": [
                    -0.6996298432350159,
                    0.058606088161468506
                ],
                "e_piv_cpl": [
                    100.0,
                    0.0
                ],
                "photon_flux": [
                    5.969398498535156,
                    0.043642640113830566
                ],
                "photon_fluence": [
                    371.85870361328125,
                    2.718681812286377
                ],
                "energy_flux": [
                    1.204509544550092e-06,
                    1.7773198024428893e-08
                ],
                "energy_fluence": [
                    7.503391680074856e-05,
                    1.1071665539930109e-06
                ],
                "covariance_matrix": [
                    [
                        4.0977123916263736e-08,
                        0.0,
                        -2.1816026674059685e-06,
                        9.007174561759257e-09,
                        -0.0024384036660194397,
                        1.0857984307222068e-05,
                        0.0
                    ],
                    [
                        0.0,
                        0.0,
                        0.0,
                        0.0,
                        0.0,
                        0.0,
                        0.0
                    ],
                    [
                        -2.1816026674059685e-06,
                        0.0,
                        0.00018049105710815638,
                        -8.075700179688283e-07,
                        0.1420406699180603,
                        -0.0006356202648021281,
                        0.0
                    ],
                    [
                        9.007169232688739e-09,
                        0.0,
                        -8.07569733751734e-07,
                        1.5747257009479654e-07,
                        -0.006421668920665979,
                        9.807537026063073e-06,
                        0.0
                    ],
                    [
                        -0.002438403433188796,
                        0.0,
                        0.1420406550168991,
                        -0.006421668920665979,
                        399.2391662597656,
                        -0.9332718253135681,
                        0.0
                    ],
                    [
                        1.0857983397727367e-05,
                        0.0,
                        -0.0006356202648021281,
                        9.807538845052477e-06,
                        -0.9332718253135681,
                        0.0034346734173595905,
                        0.0
                    ],
                    [
                        0.0,
                        0.0,
                        0.0,
                        0.0,
                        0.0,
                        0.0,
                        0.0
                    ]
                ],
                "correlation_matrix": [
                    [
                        1.0,
                        0.0,
                        -0.8021896884154808,
                        0.11212833807202185,
                        -0.6028625359491291,
                        0.9152415936974564,
                        0.0
                    ],
                    [
                        0.0,
                        0.0,
                        0.0,
                        0.0,
                        0.0,
                        0.0,
                        0.0
                    ],
                    [
                        -0.8021896884154808,
                        0.0,
                        1.0000000000000002,
                        -0.1514781124421877,
                        0.5291372034251934,
                        -0.8072855263700504,
                        0.0
                    ],
                    [
                        0.11212827173159327,
                        0.0,
                        -0.15147805913081158,
                        1.0,
                        -0.809895308581467,
                        0.42171084923422664,
                        0.0
                    ],
                    [
                        -0.6028624783848815,
                        0.0,
                        0.529137147914622,
                        -0.809895308581467,
                        0.9999999999999999,
                        -0.796982638142521,
                        0.0
                    ],
                    [
                        0.9152415170342971,
                        0.0,
                        -0.8072855263700504,
                        0.42171092744831484,
                        -0.796982638142521,
                        1.0,
                        0.0
                    ],
                    [
                        0.0,
                        0.0,
                        0.0,
                        0.0,
                        0.0,
                        0.0,
                        0.0
                    ]
                ]
            },
            "PL": {
                "_status": "SAFE",
                "amp_pl": [
                    0.008173911832273006,
                    6.447188934544101e-05
                ],
                "e_piv_pl": [
                    100.0,
                    0.0
                ],
                "index_pl": [
                    -1.7747317552566528,
                    0.005121710244566202
                ],
                "photon_flux": [
                    6.091011047363281,
                    0.04552959278225899
                ],
                "photon_fluence": [
                    379.4344482421875,
                    2.836228132247925
                ],
                "energy_flux": [
                    6.291770091593207e-07,
                    5.627129873175818e-09
                ],
                "energy_fluence": [
                    3.919405571650714e-05,
                    3.505373626921937e-07
                ],
                "covariance_matrix": [
                    [
                        4.156624822115873e-09,
                        0.0,
                        1.45209611446262e-07
                    ],
                    [
                        0.0,
                        0.0,
                        0.0
                    ],
                    [
                        1.45209611446262e-07,
                        0.0,
                        2.6231913579977117e-05
                    ]
                ],
                "correlation_matrix": [
                    [
                        1.0000000000000002,
                        0.0,
                        0.43975416709219306
                    ],
                    [
                        0.0,
                        0.0,
                        0.0
                    ],
                    [
                        0.43975416709219306,
                        0.0,
                        1.0
                    ]
                ]
            },
            "PL_BB": {
                "_status": "SAFE",
                "amp_pl": [
                    0.004175139125436544,
                    6.717358337482437e-05
                ],
                "e_piv_pl": [
                    100.0,
                    0.0
                ],
                "index_pl": [
                    -1.8736388683319092,
                    0.006722994148731232
                ],
                "amp_bb": [
                    4.661212187784258e-06,
                    1.7701161425520695e-07
                ],
                "kt_bb": [
                    59.48928451538086,
                    0.6848551630973816
                ],
                "photon_flux": [
                    5.846799850463867,
                    0.043627314269542694
                ],
                "photon_fluence": [
                    364.2215270996094,
                    2.7177271842956543
                ],
                "energy_flux": [
                    9.189889738081547e-07,
                    9.40224520462607e-09
                ],
                "energy_fluence": [
                    5.724765287595801e-05,
                    5.857050382473972e-07
                ],
                "covariance_matrix": [
                    [
                        4.51229054121427e-09,
                        0.0,
                        2.2166099711284915e-07,
                        -4.178578490166007e-12,
                        9.033959031512495e-06
                    ],
                    [
                        0.0,
                        0.0,
                        0.0,
                        0.0,
                        0.0
                    ],
                    [
                        2.2166099711284915e-07,
                        0.0,
                        4.519864887697622e-05,
                        -6.079559772276255e-11,
                        -0.00016048461839091033
                    ],
                    [
                        -4.178578490166007e-12,
                        0.0,
                        -6.079559772276255e-11,
                        3.1333110747915754e-14,
                        -1.1512489095366618e-07
                    ],
                    [
                        9.033959031512495e-06,
                        0.0,
                        -0.0001604846038389951,
                        -1.1512489095366618e-07,
                        0.4690265953540802
                    ]
                ],
                "correlation_matrix": [
                    [
                        1.0,
                        0.0,
                        0.4908265292789482,
                        -0.35142146077630443,
                        0.19637258371276997
                    ],
                    [
                        0.0,
                        0.0,
                        0.0,
                        0.0,
                        0.0
                    ],
                    [
                        0.4908265292789482,
                        0.0,
                        1.0,
                        -0.05108667642698308,
                        -0.03485555103192462
                    ],
                    [
                        -0.35142146077630443,
                        0.0,
                        -0.05108667642698308,
                        0.9999999999999998,
                        -0.9496613000768965
                    ],
                    [
                        0.19637258371276997,
                        0.0,
                        -0.03485554787140351,
                        -0.9496613000768965,
                        1.0000000000000002
                    ]
                ]
            },
            "SBPL": {
                "_status": "SAFE",
                "amp_sbpl": [
                    0.01450448390096426,
                    0.0001461365754948929
                ],
                "e_piv_sbpl": [
                    100.0,
                    0.0
                ],
                "index1_sbpl": [
                    -1.0963419675827026,
                    0.012326477095484734
                ],
                "e_break_sbpl": [
                    271.58380126953125,
                    12.862041473388672
                ],
                "delta_sbpl": [
                    0.30000001192092896,
                    0.0
                ],
                "index2_sbpl": [
                    -2.1955630779266357,
                    0.011547996662557125
                ],
                "photon_flux": [
                    5.87686824798584,
                    0.04280158132314682
                ],
                "photon_fluence": [
                    366.0946044921875,
                    2.6662888526916504
                ],
                "energy_flux": [
                    1.188582245958969e-06,
                    1.4204027287689769e-08
                ],
                "energy_fluence": [
                    7.404173811664805e-05,
                    8.848280685924692e-07
                ],
                "covariance_matrix": [
                    [
                        2.135589660667847e-08,
                        0.0,
                        1.2268852742636227e-06,
                        -0.0014062603004276752,
                        0.0,
                        4.1679294326968375e-07
                    ],
                    [
                        0.0,
                        0.0,
                        0.0,
                        0.0,
                        0.0,
                        0.0
                    ],
                    [
                        1.2268853879504604e-06,
                        0.0,
                        0.0001519420329714194,
                        -0.1182902529835701,
                        0.0,
                        3.5091816243948415e-05
                    ],
                    [
                        -0.0014062603004276752,
                        0.0,
                        -0.1182902529835701,
                        165.43211364746094,
                        0.0,
                        -0.08320090174674988
                    ],
                    [
                        0.0,
                        0.0,
                        0.0,
                        0.0,
                        0.0,
                        0.0
                    ],
                    [
                        4.167929716913932e-07,
                        0.0,
                        3.5091816243948415e-05,
                        -0.08320090174674988,
                        0.0,
                        0.00013335622497834265
                    ]
                ],
                "correlation_matrix": [
                    [
                        1.0,
                        0.0,
                        0.6810924758834488,
                        -0.7481641643488611,
                        0.0,
                        0.24697603038107604
                    ],
                    [
                        0.0,
                        0.0,
                        0.0,
                        0.0,
                        0.0,
                        0.0
                    ],
                    [
                        0.6810925389955029,
                        0.0,
                        1.0,
                        -0.746105230985429,
                        0.0,
                        0.24652458338482186
                    ],
                    [
                        -0.7481641643488611,
                        0.0,
                        -0.746105230985429,
                        0.9999999999999998,
                        0.0,
                        -0.5601592055332073
                    ],
                    [
                        0.0,
                        0.0,
                        0.0,
                        0.0,
                        0.0,
                        0.0
                    ],
                    [
                        0.24697604722272629,
                        0.0,
                        0.24652458338482186,
                        -0.5601592055332073,
                        0.0,
                        1.0000000000000002
                    ]
                ]
            },
            "SBPL_BB": {
                "_status": "SAFE",
                "amp_sbpl": [
                    0.0104617178440094,
                    0.00041489864815957844
                ],
                "e_piv_sbpl": [
                    100.0,
                    0.0
                ],
                "index1_sbpl": [
                    -1.290819764137268,
                    0.02467690221965313
                ],
                "e_break_sbpl": [
                    701.6129760742188,
                    135.80470275878906
                ],
                "delta_sbpl": [
                    0.30000001192092896,
                    0.0
                ],
                "index2_sbpl": [
                    -2.2505555152893066,
                    0.022833483293652534
                ],
                "amp_bb": [
                    3.845637820631964e-06,
                    5.374629381549312e-07
                ],
                "kt_bb": [
                    44.45209503173828,
                    2.0518856048583984
                ],
                "photon_flux": [
                    5.874574184417725,
                    0.04286493360996246
                ],
                "photon_fluence": [
                    365.9516906738281,
                    2.6702353954315186
                ],
                "energy_flux": [
                    1.1960156598433969e-06,
                    1.5511323780970088e-08
                ],
                "energy_fluence": [
                    7.450480188708752e-05,
                    9.662650199970813e-07
                ],
                "covariance_matrix": [
                    [
                        1.7214090064499032e-07,
                        0.0,
                        9.426252290722914e-06,
                        -0.049960970878601074,
                        0.0,
                        5.643420990963932e-06,
                        -8.400868195534983e-11,
                        -0.0003553043061401695
                    ],
                    [
                        0.0,
                        0.0,
                        0.0,
                        0.0,
                        0.0,
                        0.0,
                        0.0,
                        0.0
                    ],
                    [
                        9.426252290722914e-06,
                        0.0,
                        0.0006089495145715773,
                        -2.918731927871704,
                        0.0,
                        0.0003207006957381964,
                        -2.4220949690345606e-09,
                        -0.02765496075153351
                    ],
                    [
                        -0.049960967153310776,
                        0.0,
                        -2.918732166290283,
                        18442.91796875,
                        0.0,
                        -2.553806781768799,
                        2.902615233324468e-05,
                        76.37489318847656
                    ],
                    [
                        0.0,
                        0.0,
                        0.0,
                        0.0,
                        0.0,
                        0.0,
                        0.0,
                        0.0
                    ],
                    [
                        5.643420990963932e-06,
                        0.0,
                        0.0003207006957381964,
                        -2.5538065433502197,
                        0.0,
                        0.0005213679396547377,
                        -4.557037858177182e-09,
                        -0.0027262147050350904
                    ],
                    [
                        -8.400868889424373e-11,
                        0.0,
                        -2.4220954131237704e-09,
                        2.9026154152234085e-05,
                        0.0,
                        -4.557038302266392e-09,
                        2.8886642427020104e-13,
                        -7.277074587364041e-07
                    ],
                    [
                        -0.00035530427703633904,
                        0.0,
                        -0.02765495888888836,
                        76.37488555908203,
                        0.0,
                        -0.002726214472204447,
                        -7.277074587364041e-07,
                        4.210234642028809
                    ]
                ],
                "correlation_matrix": [
                    [
                        1.0,
                        0.0,
                        0.9206750617167986,
                        -0.8866945040040956,
                        0.0,
                        0.5957008954546452,
                        -0.37673294687505454,
                        -0.41735467766610257
                    ],
                    [
                        0.0,
                        0.0,
                        0.0,
                        0.0,
                        0.0,
                        0.0,
                        0.0,
                        0.0
                    ],
                    [
                        0.9206750617167986,
                        0.0,
                        1.0,
                        -0.8709410232598372,
                        0.0,
                        0.5691635728712625,
                        -0.18262153569490439,
                        -0.5461717737618812
                    ],
                    [
                        -0.8866944378885984,
                        0.0,
                        -0.8709410944032401,
                        1.0,
                        0.0,
                        -0.8235710230734883,
                        0.3976730133044885,
                        0.2740833465822855
                    ],
                    [
                        0.0,
                        0.0,
                        0.0,
                        0.0,
                        0.0,
                        0.0,
                        0.0,
                        0.0
                    ],
                    [
                        0.5957008954546452,
                        0.0,
                        0.5691635728712625,
                        -0.8235709461864527,
                        0.0,
                        1.0,
                        -0.37133162911097367,
                        -0.05818817616798081
                    ],
                    [
                        -0.3767329779921949,
                        0.0,
                        -0.18262156917841949,
                        0.3976730382255662,
                        0.0,
                        -0.3713316652977193,
                        1.0000000000000002,
                        -0.6598650757787637
                    ],
                    [
                        -0.4173546434795769,
                        0.0,
                        -0.5461717369755623,
                        0.2740833192030002,
                        0.0,
                        -0.05818817119845641,
                        -0.6598650757787637,
                        1.0
                    ]
                ]
            },
            "BAND_PL": {
                "_status": "UNSAFE",
                "amp_pl": [
                    0.0001566594874020666,
                    0.0002705077931750566
                ],
                "e_piv_pl": [
                    100.0,
                    0.0
                ],
                "index_pl": [
                    -2.8845303058624268,
                    0.7246659398078918
                ],
                "amp_band": [
                    0.019527791067957878,
                    0.0006706739659421146
                ],
                "e_peak_band": [
                    397.72369384765625,
                    27.762033462524414
                ],
                "index1_band": [
                    -0.8108182549476624,
                    0.08667396008968353
                ],
                "index2_band": [
                    -2.1821844577789307,
                    0.012009444646537304
                ],
                "photon_flux": [
                    5.928779602050781,
                    0.04568442329764366
                ],
                "photon_fluence": [
                    369.328369140625,
                    2.8458731174468994
                ],
                "energy_flux": [
                    1.1778429325204343e-06,
                    1.5587129809091493e-08
                ],
                "energy_fluence": [
                    7.337274291785434e-05,
                    9.70987230175524e-07
                ],
                "covariance_matrix": [
                    [
                        7.317446915067194e-08,
                        0.0,
                        0.000195232656551525,
                        8.012573005089507e-08,
                        -0.005133524537086487,
                        2.15283998841187e-05,
                        9.425564257981023e-07
                    ],
                    [
                        0.0,
                        0.0,
                        0.0,
                        0.0,
                        0.0,
                        0.0,
                        0.0
                    ],
                    [
                        0.000195232656551525,
                        0.0,
                        0.5251407623291016,
                        0.00019128384883515537,
                        -12.949374198913574,
                        0.05563558638095856,
                        0.0023841552902013063
                    ],
                    [
                        8.012570162918564e-08,
                        0.0,
                        0.00019128377607557923,
                        4.498035650613019e-07,
                        -0.017420753836631775,
                        4.1926537960534915e-05,
                        3.7294494177331217e-06
                    ],
                    [
                        -0.005133523605763912,
                        0.0,
                        -12.949372291564941,
                        -0.017420753836631775,
                        770.73046875,
                        -2.1099798679351807,
                        -0.17235808074474335
                    ],
                    [
                        2.1528398065129295e-05,
                        0.0,
                        0.05563557893037796,
                        4.192654523649253e-05,
                        -2.1099798679351807,
                        0.00751237478107214,
                        0.000397727097151801
                    ],
                    [
                        9.425562552678457e-07,
                        0.0,
                        0.0023841550573706627,
                        3.729449645106797e-06,
                        -0.17235808074474335,
                        0.000397727097151801,
                        0.00014422675303649157
                    ]
                ],
                "correlation_matrix": [
                    [
                        1.0,
                        0.0,
                        0.9959437451044164,
                        0.4416525707132391,
                        -0.6835725080906596,
                        0.9182127912118377,
                        0.2901380281118076
                    ],
                    [
                        0.0,
                        0.0,
                        0.0,
                        0.0,
                        0.0,
                        0.0,
                        0.0
                    ],
                    [
                        0.9959437451044164,
                        0.0,
                        1.0,
                        0.39357634647174794,
                        -0.6436646401885983,
                        0.8857806351369609,
                        0.2739515494433241
                    ],
                    [
                        0.4416524140529375,
                        0.0,
                        0.39357619676518185,
                        1.0,
                        -0.9356302043068245,
                        0.721255159336454,
                        0.4630313127312646
                    ],
                    [
                        -0.6835723840771278,
                        0.0,
                        -0.6436645453814784,
                        -0.9356302043068245,
                        1.0000000000000002,
